4294967279,525
4294967294,11
4294967294,68
4294967278,284
4294967279,353
4294967278,369
4294967278,61
4294967278,60
4294967278,59
4294967278,58
4294967278,57
4294967278,56
4294967278,55
4294967278,54
4294967278,53
4294967278,52
4294967278,51
4294967278,50
4294967278,49
4294967278,48
4294967278,47
4294967278,46
4294967278,45
4294967278,44
4294967278,43
4294967278,42
4294967278,41
4294967278,40
4294967278,39
4294967278,38
4294967278,37
4294967278,36
4294967278,35
4294967278,34
4294967278,33
4294967279,85
4294967279,84
4294967279,83
4294967279,82
4294967279,80
4294967279,78
4294967279,77
4294967279,76
4294967279,75
4294967279,74
4294967279,73
4294967279,72
4294967279,71
4294967279,66
4294967279,64
4294967279,63
4294967279,61
4294967279,59
4294967279,57
4294967279,56
4294967279,55
4294967279,54
4294967279,52
4294967279,50
4294967279,48
4294967279,47
4294967279,46
4294967279,44
4294967279,43
4294967279,39
4294967279,38
4294967279,35
4294967279,33
4294967279,31
4294967279,30
4294967279,29
4294967279,28
4294967279,26
4294967279,24
4294967279,23
4294967279,20
4294967278,425
4294967278,181
4294967279,364
4294967279,169
4294967278,166
4294967279,45
1620,5
1620,4
1620,3
1620,2
1620,1
1619,6
4294967279,37
4294967279,36
4294967294,473
4294967279,145
4294967279,290
4294967278,424
4294967279,144
4294967279,142
1619,5
4294967279,141
1619,4
1619,3
1619,2
1619,1
4294967279,138
4294967279,272
4294967279,523
4294967279,21
4294967279,323
4294967279,277
4294967279,279
1617,5
1617,4
4294967279,282
1617,3
1617,2
1617,1
4294967279,337
4294967278,364
4294967278,432
4294967279,262
4294967278,418
4294967279,261
4294967279,522
4294967279,258
4294967279,257
4294967279,256
4294967278,249
4294967279,345
4294967278,279
4294967278,401
4294967279,521
4294967278,250
4294967294,188
4294967294,1038
4294967278,290
4294967278,373
4294967279,367
4294967278,234
1613,5
1613,4
1613,3
1613,2
1613,1
4294967278,354
4294967294,393
4294967278,395
4294967279,518
4294967279,260
4294967278,342
4294967294,1415
4294967278,317
4294967279,371
4294967278,214
4294967279,368
4294967278,210
4294967278,209
4294967279,278
4294967294,387
4294967278,414
4294967279,361
4294967279,327
4294967278,203
4294967278,201
1610,5
4294967279,201
1610,4
1610,3
1610,2
1610,1
4294967278,366
4294967279,200
4294967278,292
4294967279,351
4294967278,407
4294967279,568
4294967278,194
4294967278,282
4294967278,193
4294967278,186
4294967279,188
4294967278,387
4294967279,187
4294967279,185
4294967278,184
4294967294,472
4294967278,180
4294967278,385
4294967278,405
1607,5
4294967278,179
4294967279,179
1607,4
1607,3
1607,2
1607,1
4294967279,336
4294967279,550
4294967278,217
1606,5
1606,4
1606,3
1606,2
1606,1
4294967294,408
4294967294,396
4294967294,385
4294967294,406
4294967294,1076
4294967294,398
4294967294,402
4294967294,443
4294967294,390
4294967294,110
4294967294,164
4294967294,394
4294967294,1046
4294967279,167
4294967278,132
4294967278,131
4294967278,130
4294967278,129
4294967278,128
4294967278,263
4294967278,127
4294967278,126
4294967278,125
4294967278,124
4294967278,123
4294967278,121
4294967278,120
4294967278,119
4294967278,118
4294967278,117
4294967278,116
4294967278,115
4294967278,114
4294967278,113
4294967278,112
4294967278,111
4294967278,110
4294967278,109
4294967278,108
4294967278,107
4294967278,106
4294967278,105
4294967278,104
4294967278,103
4294967278,102
4294967278,101
4294967278,100
4294967278,98
4294967278,97
4294967278,96
4294967278,95
4294967278,94
4294967278,93
4294967278,91
4294967278,137
4294967278,87
4294967278,86
4294967278,85
4294967278,84
4294967278,83
4294967278,82
4294967278,81
4294967278,80
4294967278,78
4294967278,77
4294967278,76
4294967278,75
4294967278,74
4294967278,72
4294967278,71
4294967278,70
4294967278,69
4294967278,68
4294967278,67
4294967278,65
4294967278,64
4294967278,63
4294967278,62
4294967279,79
4294967279,70
4294967279,69
4294967279,68
4294967279,311
4294967279,67
4294967279,65
4294967279,62
4294967279,60
4294967279,58
4294967279,344
4294967279,273
4294967279,335
4294967279,53
4294967279,517
4294967279,51
4294967279,303
4294967279,40
4294967279,340
4294967279,541
4294967279,34
4294967279,334
4294967279,32
4294967279,27
4294967279,25
4294967279,214
4294967279,22
4294967279,19
4294967279,379
4294967279,513
4294967279,17
4294967279,16
4294967279,15
4294967279,14
4294967279,13
4294967279,12
4294967279,11
4294967279,10
4294967279,9
4294967279,8
4294967279,7
4294967279,5
4294967279,4
4294967278,161
1605,5
4294967279,161
1605,4
4294967278,160
1605,3
1605,2
1605,1
4294967279,160
4294967279,158
4294967279,157
4294967294,389
4294967294,114
4294967279,42
4294967279,369
4294967279,41
4294967279,305
4294967279,150
4294967279,516
4294967278,444
4294967294,1030
1603,6
1603,5
1603,4
1603,3
1603,2
1603,1
4294967294,1077
4294967294,29
4294967278,423
4294967279,289
4294967294,423
4294967278,223
4294967278,141
4294967294,37
4294967294,36
4294967294,40
4294967294,39
4294967294,1418
4294967294,44
4294967294,436
4294967278,312
4294967279,362
4294967279,134
4294967294,42
4294967279,136
4294967279,135
4294967278,135
4294967294,107
4294967279,133
4294967278,421
4294967294,76
4294967279,18
4294967278,289
4294967278,315
4294967278,443
4294967279,287
4294967294,52
4294967279,264
4294967279,267
4294967278,281
1600,6
1600,5
1600,4
1600,3
1600,2
1600,1
4294967294,99
4294967294,82
4294967294,5
4294967294,88
4294967294,86
4294967294,85
4294967294,204
4294967294,1414
4294967279,6
4294967279,255
4294967279,562
4294967278,363
4294967279,254
4294967294,92
4294967294,90
4294967279,514
4294967278,258
4294967278,442
4294967278,257
4294967278,379
4294967278,381
4294967278,378
4294967278,362
4294967278,297
4294967278,254
4294967294,1417
4294967294,426
4294967278,122
4294967278,310
4294967294,115
4294967279,524
4294967279,292
4294967278,246
4294967278,244
4294967278,242
1597,6
1597,5
4294967278,237
1597,4
1597,3
1597,2
